  -56.3163757    
   91.2634888    
   65.9018097    
   12.3390656    
  -16.9385910    
  -86.7762604    
  -48.4844666    
  -78.0086517    
  -91.2342072    
   26.7930984    
  -87.6545868    
  -10.0922089    
  -19.7387695    
   50.9346924    
   59.4573517    
  -99.6323547    
   79.5007629    
  -29.8495789    
  -81.0910721    
  -97.2766418    
   71.8193512    
   68.1694489    
  -75.3792267    
  -98.4975357    
  -47.9394455    
   82.4967346    
  -77.2672195    
  -29.6742935    
   64.5774384    
  -46.5735931    
   38.4132843    
   12.3324890    
   72.2431183    
  -9.24124908    
   82.3953552    
   19.5833664    
  -62.2090836    
   52.2984009    
  -20.6023254    
  -62.9372101    
   14.8731689    
  -26.5946884    
   23.4409332    
  -27.6942749    
  -57.4140091    
   42.8942261    
  -76.4586487    
  -40.1341934    
   65.0005798    
   64.9320068    
  -87.6276474    
   42.1560822    
  -82.3433380    
   55.5987854    
   49.0605774    
  -38.2650375    
   79.8746033    
   52.7073364    
   52.3460846    
  -18.6060944    
   87.7498627    
   12.4176483    
  -96.4360199    
  0.220634460    
  -91.6181564    
  -26.2299042    
  -45.6552963    
   71.7144928    
  -94.1926956    
  -96.5115509    
  -69.5232849    
  -77.1362762    
  -29.2185822    
  -76.1384506    
  -58.6694717    
  -57.4152451    
   22.5894928    
   61.9038086    
   17.4179077    
  -56.9016953    
   53.6112366    
   44.6593323    
  -10.3962402    
   71.0351868    
   89.0034637    
   81.8113861    
   3.94511414    
  -93.9610977    
  -3.78661346    
  -41.5374298    
   80.5279236    
   33.5682831    
  -17.5444107    
  -68.6103363    
   66.6563110    
   92.8808289    
   48.1579742    
  -8.78024292    
   30.7122650    
  -18.6346512    
