5
1
2
3
6
89
6
62.69747482376036
49.187981569991415
96.06842457262266
59.457952726275195
8.052754727036604
95.68993589453302
62.83121392136559
73.2725448165877
3.7967929213346463
74.49641549173953
17.967388417615272
8.837991395075518
53.81719345520628
93.60578644460283
39.44460765054642
40.748720725755426
7.070707748394279
73.99019397565469
69.99943489778592
65.82364045619391
14.77872027560252
44.351831698498565
61.3533808110001
7.6021481734772856
31.03106384320592
18.99470324583552
21.189353071753313
77.3336026225755
68.49548833556057
32.35006111573896
42.21286123535993
90.8285675858049
25.715386313751676
56.13515802646496
48.96995975792989
7.043993011907867
35.38842687556826
30.69132336322874
32.56660134641197
23.90345995691665
44.05399935500952
0.7387902166102411
56.03170403434533
39.60747565996432
22.77743332251767
57.60210234808928
3.7888817829282884
63.56772802843972
25.70420751196105
54.901354975974904
17.549487190805923
40.10313981405606
58.76743309952312
82.77089553899579
7.9122259957511325
30.164407947201333
94.36712997909807
56.858558715044246
56.05228441947446
81.60769935901145
69.49989986451577
2.6748596054296803
23.10555922513472
6.917009096195736
34.602824793328736
93.30305557884537
66.20123536875491
78.77864529423024
78.28549780769606
29.04730384016474
19.5686218010229
48.54015765212013
39.159341639828874
31.28761617270498
36.74179059162446
90.340012845327
30.13343797499618
59.626689688872894
5.608261981631035
74.57312442793064
42.83130063966174
51.35510394335536
41.89556238684599
78.36134171990561
70.1931901310662
25.327753360013205
38.66224434904232
47.826870085462346
83.8636455244669
88.5358830803393
99.45749314123547
37.220470974411704
29.624187577477844
32.9753509793032
11.036198232128736
63.33526799777665
58.91618421326056
12.853297076354641
17.86397998566258
30.140817782120056
