10 5 2 
3 6 9
7 4 2
1 8 0
5 8 2
3 9 1
30 2 31
46 45 69
10 57 64
60 70 38
91 24 56
6 1 4
29 9 76
96 8 74
70 2 87
13 63 22
84 18 0
62 44 94
62 85 27
45 28 70
33 19 1
42 81 65
86 65 21
23 60 74
19 27 55
85 75 68
40 42 78
26 73 94
11 68 98
61 24 52
59 47 48
59 1 72
72 11 3
4 5 13
79 93 25
76 17 94
57 54 0
28 67 32
91 96 88
40 80 0
15 25 13
89 70 98
67 19 97
97 64 87
89 84 20
53 85 99
41 85 25
64 40 33
93 67 4
22 84 6
58 99 79
50 14 27
40 49 6
70 60 11
81 64 25
11 28 39
93 6 49
95 53 28
24 32 70
60 15 22
74 7 53
58 3 17
75 29 97
38 91 34
77 8 99
85 82 14
47 71 19
50 27 66
88 33 47
9 79 51
8 22 75
46 20 68
73 51 71
3 41 84
30 22 68
25 40 32
48 58 32
68 93 47
89 84 55
35 10 62
53 68 27
12 30 15
4 21 59
48 61 65
93 92 78
31 37 31
54 23 81
34 48 31
73 53 29
75 40 91
37 56 58
18 0 94
48 27 89
10 14 3
75 91 32
12 5 89
19 19 48
96 72 2
82 27 0
83 18 24
23 91 15
33 83 75
68 90 20
32 22 15
14 22 29
85 35 99
